0 0.126168 0.428037 0.169470 0.261682
0 0.428557 0.490654 0.103011 0.222430
0 0.629595 0.532710 0.093043 0.183178
0 0.119522 0.924299 0.202700 0.151402
0 0.475078 0.913084 0.156179 0.166355
0 0.697715 0.914019 0.149533 0.171962
0 0.408619 0.142056 0.129595 0.183178
0 0.141121 0.061682 0.166147 0.123364
0 0.589720 0.220561 0.093043 0.160748
0 0.727622 0.279439 0.096366 0.155140
0 0.770820 0.557944 0.109657 0.192523
0 0.888785 0.582243 0.099688 0.158879
0 0.833956 0.330841 0.083074 0.153271
0 0.847248 0.886916 0.109657 0.158879