0 0.120578 0.356282 0.097915 0.065404
0 0.268981 0.351119 0.107095 0.065404
0 0.431153 0.347676 0.113215 0.072289
0 0.591796 0.343373 0.110155 0.067126
0 0.761618 0.339931 0.119334 0.070568
0 0.764678 0.469019 0.094856 0.074010
0 0.588736 0.474182 0.091796 0.077453
0 0.426563 0.472461 0.085676 0.070568
0 0.272041 0.474182 0.082616 0.070568
0 0.122107 0.473322 0.076496 0.068847
0 0.428093 0.224613 0.125454 0.056799
0 0.594856 0.220310 0.128514 0.051635
0 0.268981 0.232358 0.119334 0.055077
0 0.123637 0.237522 0.116275 0.055077