0 0.109868 0.314974 0.094856 0.072289
0 0.261331 0.310671 0.110155 0.070568
0 0.406674 0.309811 0.107095 0.075731
0 0.562727 0.306368 0.113215 0.072289
0 0.735609 0.302926 0.122394 0.075731
0 0.917671 0.293460 0.119334 0.070568
0 0.109868 0.434596 0.070377 0.063683
0 0.258271 0.435456 0.079556 0.072289
0 0.402085 0.435456 0.073437 0.068847
0 0.561197 0.432014 0.079556 0.072289
0 0.727959 0.432014 0.088736 0.075731
0 0.911551 0.436317 0.088736 0.084337
0 0.114458 0.194492 0.110155 0.065404
0 0.259801 0.187608 0.107095 0.065404
0 0.409734 0.185886 0.113215 0.061962
0 0.567317 0.175559 0.134634 0.068847
0 0.924412 0.160929 0.151176 0.063683