0 0.847294 0.547332 0.137694 0.172117
0 0.590266 0.519793 0.082616 0.082616
0 0.353127 0.545611 0.055077 0.123924
0 0.213903 0.546472 0.045898 0.111876
0 0.371486 0.308090 0.061197 0.137694
0 0.626984 0.267642 0.107095 0.160069
0 0.870243 0.218589 0.159113 0.179002
0 0.400555 0.082616 0.076496 0.148021
0 0.256741 0.132530 0.070377 0.134251
0 0.125167 0.177281 0.058137 0.113597
0 0.036431 0.212565 0.052018 0.101549
0 0.100688 0.356282 0.058137 0.113597
0 0.239912 0.327022 0.073437 0.137694
0 0.018981 0.370912 0.037961 0.101549