0 0.224138 0.358934 0.161616 0.122257
0 0.441484 0.416928 0.105886 0.188088
0 0.302160 0.068966 0.172762 0.137931
0 0.679728 0.164577 0.075235 0.206897
0 0.603100 0.433386 0.061303 0.155172
0 0.697840 0.437304 0.050157 0.128527
0 0.763323 0.213166 0.069662 0.163009
0 0.878962 0.278997 0.022292 0.128527
0 0.827412 0.250784 0.019505 0.131661
0 0.880355 0.061912 0.041797 0.123824
0 0.962557 0.148119 0.027865 0.114420
0 0.929119 0.106583 0.027865 0.106583
0 0.922153 0.300157 0.019505 0.108150
0 0.835772 0.451411 0.047370 0.081505
0 0.761930 0.452978 0.039011 0.103448