0 0.343957 0.704545 0.156043 0.173981
0 0.352316 0.293887 0.139324 0.280564
0 0.583595 0.373041 0.100313 0.213166
0 0.598920 0.728840 0.130965 0.219436
0 0.782828 0.719436 0.075235 0.150470
0 0.873389 0.706897 0.078022 0.137931
0 0.752177 0.433386 0.075235 0.164577
0 0.851097 0.477273 0.055730 0.145768
0 0.830199 0.252351 0.064089 0.153605
0 0.739638 0.188088 0.072449 0.163009
0 0.557123 0.083072 0.091954 0.166144
0 0.933299 0.507837 0.041797 0.134796
0 0.917973 0.323668 0.033438 0.086207
0 0.973703 0.358934 0.033438 0.103448
0 0.971526 0.714734 0.056948 0.144201