0 0.289620 0.333856 0.153257 0.269592
0 0.526472 0.404389 0.125392 0.222571
0 0.710380 0.469436 0.097527 0.180251
0 0.810693 0.499216 0.064089 0.145768
0 0.894288 0.532132 0.058516 0.123824
0 0.965343 0.550157 0.055730 0.122257
0 0.260362 0.039969 0.122605 0.079937
0 0.483281 0.105799 0.105886 0.195925
0 0.664403 0.218652 0.089168 0.170846
0 0.767503 0.288401 0.066876 0.141066
0 0.853884 0.343260 0.039011 0.112853
0 0.919366 0.387931 0.052943 0.101881
0 0.313305 0.739028 0.144897 0.192790
0 0.580808 0.775862 0.117032 0.219436
0 0.759143 0.754702 0.066876 0.173981
0 0.860850 0.750784 0.064089 0.147335
0 0.951411 0.758621 0.078022 0.144201