0 0.212992 0.151254 0.105886 0.236677
0 0.408046 0.235110 0.083595 0.175549
0 0.419192 0.514107 0.066876 0.156740
0 0.217172 0.517241 0.114246 0.188088
0 0.512539 0.277429 0.052943 0.153605
0 0.506966 0.053292 0.036224 0.106583
0 0.402473 0.023511 0.072449 0.047022
0 0.584988 0.307994 0.030651 0.133229
0 0.642111 0.329154 0.022292 0.112853
0 0.690874 0.351097 0.036224 0.106583
0 0.635145 0.158307 0.025078 0.122257
0 0.573842 0.108934 0.030651 0.123824
0 0.682515 0.197492 0.019505 0.087774
0 0.515326 0.508621 0.064089 0.108150
0 0.593347 0.518809 0.058516 0.106583