0 0.558516 0.469436 0.072449 0.152038
0 0.696447 0.467868 0.075235 0.133229
0 0.805120 0.492163 0.058516 0.131661
0 0.321665 0.449843 0.111459 0.181818
0 0.049373 0.423981 0.098746 0.145768
0 0.077238 0.083072 0.154476 0.166144
0 0.355103 0.130878 0.111459 0.217868
0 0.589168 0.194357 0.089168 0.169279
0 0.728492 0.244514 0.078022 0.169279
0 0.839951 0.278997 0.044584 0.125392
0 0.915186 0.297806 0.033438 0.109718
0 0.979276 0.327586 0.039011 0.115987
0 0.950017 0.131661 0.030651 0.141066
0 0.866423 0.078370 0.041797 0.134796
0 0.763323 0.050940 0.075235 0.101880