0 0.558516 0.452978 0.078022 0.156740
0 0.697840 0.456113 0.066876 0.128527
0 0.809300 0.480408 0.083595 0.136364
0 0.714559 0.221787 0.055730 0.180251
0 0.596134 0.184953 0.091954 0.188088
0 0.343957 0.115204 0.122605 0.214734
0 0.302160 0.454545 0.117032 0.181818
0 0.042407 0.416144 0.084814 0.152038
0 0.057732 0.079937 0.115464 0.159874
0 0.856670 0.066614 0.044584 0.114420
0 0.828805 0.268025 0.033438 0.128527
0 0.912400 0.290752 0.039011 0.108150
0 0.982672 0.310345 0.034656 0.100313
0 0.933299 0.102665 0.047370 0.089342
0 0.727099 0.029781 0.052943 0.059561
0 0.897074 0.445141 0.030651 0.059561