0 0.470931 0.672978 0.119334 0.130809
0 0.669822 0.685026 0.149933 0.165232
0 0.847294 0.653184 0.082616 0.115318
0 0.747849 0.381239 0.152993 0.177281
0 0.821285 0.118761 0.134634 0.154905
0 0.614745 0.185886 0.107095 0.144578
0 0.431153 0.246988 0.082616 0.101549
0 0.322528 0.283133 0.085676 0.098107
0 0.552018 0.416523 0.104035 0.151463
0 0.363836 0.444923 0.094856 0.125645
0 0.146586 0.479346 0.070377 0.080895
0 0.192484 0.657487 0.076496 0.096386
0 0.085389 0.648021 0.052018 0.087780
0 0.209313 0.324441 0.055077 0.087780