0 0.339777 0.443574 0.169976 0.134796
0 0.544584 0.500000 0.100313 0.153605
0 0.373215 0.109718 0.142111 0.219436
0 0.566876 0.173981 0.100313 0.225705
0 0.734065 0.243730 0.066876 0.177116
0 0.823232 0.281348 0.061303 0.155172
0 0.702020 0.506270 0.080808 0.163009
0 0.800940 0.509404 0.066876 0.128527
0 0.901254 0.311129 0.039011 0.130094
0 0.849704 0.063480 0.030651 0.126959
0 0.764716 0.031348 0.039011 0.062696
0 0.919366 0.121473 0.030651 0.114420
0 0.976489 0.175549 0.027865 0.119122
0 0.955590 0.332288 0.019505 0.115987
0 0.870603 0.538401 0.027865 0.130094