0 0.345350 0.606583 0.119819 0.159875
0 0.356496 0.204545 0.130965 0.264890
0 0.594741 0.291536 0.117032 0.225705
0 0.760536 0.357367 0.075235 0.175549
0 0.860850 0.390282 0.052943 0.147335
0 0.940265 0.430251 0.027865 0.117555
0 0.582201 0.641850 0.080808 0.189655
0 0.774469 0.637147 0.075235 0.139498
0 0.865030 0.631661 0.050157 0.134796
0 0.760536 0.100313 0.080808 0.156740
0 0.848311 0.168495 0.055730 0.133229
0 0.572449 0.033699 0.100313 0.067398
0 0.976489 0.264107 0.033438 0.064263
0 0.920759 0.233542 0.022292 0.115987
0 0.954197 0.648903 0.055730 0.144201