0 0.336991 0.643417 0.142111 0.186520
0 0.360676 0.227273 0.156043 0.291536
0 0.576628 0.321317 0.114246 0.231975
0 0.752177 0.387147 0.091954 0.197492
0 0.566876 0.054859 0.094741 0.109718
0 0.739638 0.137931 0.078022 0.169279
0 0.831592 0.204545 0.066876 0.145768
0 0.905434 0.268809 0.041797 0.117555
0 0.972309 0.316614 0.047370 0.115987
0 0.584988 0.674765 0.119819 0.208464
0 0.767503 0.668495 0.072449 0.164577
0 0.870603 0.659875 0.072449 0.153605
0 0.855277 0.426332 0.069662 0.169279
0 0.924939 0.463950 0.041797 0.128527
0 0.989638 0.481975 0.020724 0.111285
0 0.945838 0.681818 0.033438 0.122257