0 0.362069 0.323668 0.164403 0.274295
0 0.584988 0.403605 0.103100 0.211599
0 0.548763 0.101097 0.075235 0.189655
0 0.334204 0.028997 0.125392 0.057994
0 0.357889 0.728840 0.150470 0.184953
0 0.611459 0.762539 0.111459 0.224138
0 0.800940 0.750784 0.066876 0.175549
0 0.897074 0.742947 0.064089 0.147335
0 0.756357 0.467085 0.089168 0.188088
0 0.852490 0.494514 0.058516 0.177116
0 0.943051 0.532132 0.050157 0.139498
0 0.831592 0.266458 0.072449 0.131661
0 0.741031 0.220219 0.064089 0.158307
0 0.977882 0.376959 0.025078 0.105016
0 0.908220 0.335423 0.030651 0.100313
0 0.978492 0.752351 0.043016 0.134796