0 0.909613 0.350313 0.027865 0.101881
0 0.975096 0.386364 0.030651 0.098746
0 0.941658 0.538401 0.036224 0.142633
0 0.862243 0.507837 0.061303 0.175549
0 0.764716 0.475705 0.089168 0.199060
0 0.573842 0.401254 0.125392 0.244514
0 0.356496 0.321317 0.158830 0.316614
0 0.555730 0.110502 0.089168 0.189655
0 0.352316 0.050940 0.128178 0.101880
0 0.729885 0.224922 0.075235 0.155172
0 0.828805 0.294671 0.061303 0.144201
0 0.617032 0.774295 0.122605 0.213166
0 0.802334 0.768809 0.069662 0.173981
0 0.905434 0.763323 0.069662 0.159875
0 0.359282 0.747649 0.147684 0.181818
0 0.985458 0.764890 0.029084 0.131661