0 0.350923 0.365987 0.147684 0.258621
0 0.568269 0.431818 0.125392 0.214734
0 0.767503 0.497649 0.083595 0.167712
0 0.859457 0.532915 0.050157 0.150470
0 0.951411 0.567398 0.055730 0.112853
0 0.828805 0.321317 0.078022 0.147335
0 0.727099 0.254702 0.064089 0.152038
0 0.554336 0.140282 0.091954 0.199060
0 0.342564 0.057994 0.136538 0.115987
0 0.374608 0.777429 0.139324 0.194357
0 0.619819 0.807210 0.105886 0.222571
0 0.816266 0.799373 0.080808 0.181818
0 0.913793 0.789185 0.064089 0.158307
0 0.977099 0.423981 0.045802 0.098746
0 0.908220 0.380878 0.041797 0.112853