0 0.332811 0.077586 0.133751 0.155172
0 0.536224 0.156740 0.117032 0.194357
0 0.584988 0.453762 0.136538 0.236677
0 0.353710 0.390282 0.153257 0.282132
0 0.369035 0.793887 0.150470 0.189655
0 0.635145 0.826019 0.142111 0.216301
0 0.817659 0.808777 0.078022 0.172414
0 0.770289 0.518025 0.089168 0.173981
0 0.722919 0.274295 0.089168 0.159875
0 0.824626 0.338558 0.069662 0.141066
0 0.870603 0.554075 0.083595 0.161442
0 0.927726 0.800940 0.080808 0.159875
0 0.908220 0.397335 0.041797 0.114420
0 0.977099 0.423197 0.045802 0.106583
0 0.958377 0.582288 0.064089 0.136364