0 0.139150 0.630878 0.164403 0.164577
0 0.396900 0.648119 0.122605 0.192790
0 0.583595 0.630878 0.078022 0.148903
0 0.676942 0.623824 0.075235 0.131661
0 0.651863 0.389498 0.075235 0.161442
0 0.550157 0.356583 0.072449 0.170846
0 0.366249 0.292320 0.117032 0.246082
0 0.118251 0.202194 0.206200 0.310345
0 0.325845 0.034483 0.103100 0.068966
0 0.512539 0.096395 0.075235 0.170846
0 0.700627 0.230408 0.033438 0.115987
0 0.768896 0.274295 0.036224 0.097179
0 0.729885 0.428683 0.041797 0.139498
0 0.793974 0.445925 0.041797 0.120690
0 0.838558 0.462382 0.036224 0.100313
0 0.820446 0.312696 0.039011 0.092476
0 0.623999 0.172414 0.058516 0.150470
0 0.763323 0.642633 0.058516 0.112853