0 0.215778 0.556426 0.094741 0.191223
0 0.194880 0.184953 0.130965 0.238245
0 0.388541 0.271160 0.094741 0.184953
0 0.410832 0.543103 0.072449 0.167712
0 0.513932 0.543887 0.061303 0.141066
0 0.493034 0.306426 0.064089 0.167712
0 0.474922 0.082288 0.072449 0.164576
0 0.366249 0.043887 0.066876 0.087774
0 0.555730 0.145768 0.044584 0.109718
0 0.610066 0.192006 0.019505 0.114420
0 0.657436 0.231191 0.025078 0.092476
0 0.568269 0.334639 0.019505 0.126959
0 0.629572 0.357367 0.019505 0.119122
0 0.679728 0.376176 0.019505 0.112853
0 0.587774 0.552508 0.058516 0.120690