0 0.094566 0.493730 0.142111 0.175549
0 0.356496 0.525862 0.108673 0.189655
0 0.540404 0.521944 0.086381 0.150470
0 0.644897 0.527429 0.044584 0.126959
0 0.639324 0.283699 0.055730 0.159875
0 0.544584 0.253918 0.072449 0.200627
0 0.360676 0.162226 0.100313 0.264890
0 0.121038 0.108934 0.156043 0.217868
0 0.643504 0.060345 0.041797 0.120690
0 0.714559 0.119122 0.027865 0.119122
0 0.773076 0.164577 0.016719 0.109718
0 0.826019 0.207680 0.027865 0.105016
0 0.710380 0.313480 0.030651 0.144201
0 0.778649 0.349530 0.044584 0.119122
0 0.826019 0.365987 0.027865 0.098746
0 0.728492 0.527429 0.055730 0.136364