0 0.197666 0.471787 0.130965 0.184953
0 0.254789 0.100313 0.139324 0.200626
0 0.479101 0.160658 0.103100 0.242947
0 0.658830 0.240596 0.066876 0.195925
0 0.757750 0.278997 0.047370 0.159875
0 0.773076 0.067398 0.072449 0.134796
0 0.849704 0.119122 0.025078 0.144201
0 0.902647 0.175549 0.036224 0.106583
0 0.947231 0.217085 0.030651 0.101881
0 0.830199 0.327586 0.036224 0.150470
0 0.891501 0.352665 0.030651 0.137931
0 0.725705 0.520376 0.044584 0.144201
0 0.633751 0.520376 0.061303 0.156740
0 0.442877 0.523511 0.091954 0.213166
0 0.807907 0.539185 0.064089 0.119122