0 0.097353 0.425549 0.153257 0.155172
0 0.385754 0.465517 0.139324 0.178683
0 0.626785 0.475705 0.086381 0.148903
0 0.757750 0.484326 0.064089 0.125392
0 0.668582 0.200627 0.064089 0.191223
0 0.795367 0.244514 0.055730 0.172414
0 0.906827 0.288401 0.050157 0.144201
0 0.978492 0.316614 0.043016 0.103448
0 0.452630 0.114420 0.139324 0.228840
0 0.158656 0.086207 0.142111 0.172414
0 0.863636 0.489028 0.047370 0.144201
0 0.958377 0.496082 0.047370 0.105016
0 0.842738 0.056426 0.061303 0.112852
0 0.950017 0.089342 0.041797 0.141066