0 0.633104 0.224613 0.100975 0.063683
0 0.789157 0.220310 0.100975 0.061962
0 0.484701 0.229776 0.085676 0.067126
0 0.340887 0.234940 0.097915 0.063683
0 0.204724 0.235800 0.088736 0.058520
0 0.074680 0.236661 0.079556 0.060241
0 0.630044 0.343373 0.082616 0.063683
0 0.783037 0.341652 0.076496 0.063683
0 0.198604 0.121343 0.119334 0.056799
0 0.337828 0.117040 0.116275 0.061962
0 0.480111 0.114458 0.131574 0.053356
0 0.636164 0.107573 0.119334 0.056799
0 0.796806 0.100688 0.128514 0.053356
0 0.055699 0.126506 0.111398 0.056799