0 0.111398 0.355422 0.110155 0.067126
0 0.256741 0.354561 0.100975 0.068847
0 0.418914 0.351119 0.119334 0.072289
0 0.573437 0.345095 0.104035 0.074010
0 0.740199 0.340792 0.107095 0.072289
0 0.743259 0.475043 0.082616 0.075731
0 0.571907 0.472461 0.088736 0.070568
0 0.414324 0.475904 0.073437 0.067126
0 0.256741 0.475043 0.076496 0.061962
0 0.114458 0.476764 0.073437 0.065404
0 0.744789 0.214286 0.146873 0.060241
0 0.571907 0.221170 0.125454 0.056799
0 0.412794 0.226334 0.125454 0.060241
0 0.256741 0.237522 0.119334 0.055077
0 0.106808 0.240964 0.113215 0.055077