0 0.168005 0.333907 0.107095 0.061962
0 0.308759 0.327883 0.107095 0.070568
0 0.469401 0.325301 0.110155 0.072289
0 0.637694 0.327022 0.116275 0.075731
0 0.815165 0.323580 0.122394 0.075731
0 0.810576 0.454389 0.088736 0.075731
0 0.637694 0.455250 0.079556 0.077453
0 0.472461 0.453528 0.079556 0.074010
0 0.311819 0.454389 0.088736 0.065404
0 0.161886 0.451807 0.076496 0.067126
0 0.478581 0.201377 0.128514 0.068847
0 0.821285 0.185886 0.140753 0.061962
0 0.319468 0.207401 0.122394 0.056799
0 0.169535 0.216007 0.116275 0.056799