0 0.451042 0.373494 0.104035 0.061962
0 0.588736 0.362306 0.104035 0.067126
0 0.747849 0.360585 0.116275 0.070568
0 0.914611 0.351979 0.125454 0.080895
0 0.913081 0.486231 0.079556 0.080895
0 0.749378 0.490534 0.076496 0.075731
0 0.596386 0.491394 0.076496 0.074010
0 0.452572 0.495697 0.088736 0.072289
0 0.102218 0.390706 0.079556 0.058520
0 0.096099 0.492255 0.073437 0.061962
0 0.455632 0.260757 0.113215 0.060241
0 0.597915 0.245267 0.110155 0.063683
0 0.749378 0.232358 0.113215 0.065404
0 0.927472 0.220310 0.145056 0.065404